|===========================================================================|
|	Tamanho do padrão:	2	|	Nº padrões:	4	|	Nº tentativas:	4	|
|===========================================================================|
5.865979,1.138757,2.295554
9.300348
4.173218,0.677141,1.379445
6.229854
3.535888,0.679185,1.382917
5.598038
3.541939,0.679127,1.388432
5.609547
|===========================================================================|
|	Tamanho do padrão:	5	|	Nº padrões:	10	|	Nº tentativas:	5	|
|===========================================================================|
0.475882,0.150861,0.287843
0.914633
0.491580,0.155063,0.298089
0.944776
0.498804,0.157376,0.301479
0.957694
0.500710,0.156497,0.302452
0.959679
0.479404,0.151087,0.291412
0.921924
|===========================================================================|
|	Tamanho do padrão:	4	|	Nº padrões:	10	|	Nº tentativas:	6	|
|===========================================================================|
13.342624,1.707888,3.486686
18.537243
9.007790,1.702188,3.485795
14.195818
8.997871,1.714490,3.486552
14.198958
8.997749,1.702922,3.485747
14.186462
8.986835,1.702204,3.484720
14.173806
8.986789,1.701839,3.485023
14.173694
